C00089136|23238|510|1|510
C00089136|22301|168|1|168
C00089136|23238|322|2|643
C00089136|23226|208|1|208
C00089136|23226|208|2|416
C00089136|23233|105|1|105
C00089136|23113|133|1|133
C00089136|22304|208|1|208
C00089136|22304|208|2|416
C00089136|98077|272|1|272
C00089136|23226|208|3|521
C00089136|23226|157|4|729
C00089136|23226|105|5|937
C00089136|23005|130|1|130
C00089136|23103|116|1|116
C00089136|23226|157|6|1129
C00089136|23114|122|1|122
C00089136|23238|133|3|753
C00089136|23103|116|2|231
C00089136|95618|115|1|115
C00089136|06877|141|1|141
C00089136|98053|102|1|102
C00089136|28207|125|1|125
C00089136|30305|208|1|208
C00089136|30305|208|2|416
C00089136|23238|122|4|961
C00089136|23238|110|5|1169
C00089136|22314|109|1|109
C00089136|06840|208|1|208
C00089136|06840|208|2|416
C00089136|23116|107|1|107
C00089136|30004|208|1|208
C00089136|30004|208|2|416
C00089136|23103|115|3|439
C00089136|23103|162|4|647
C00089136|98005|208|1|208
C00089136|98005|208|2|416
C00089136|23113|150|2|299
C00089136|23238|159|6|1275
C00089136|23120|115|1|115
C00089136|23238|208|7|1483
C00089136|22101|125|1|125
C00089136|23229|180|1|180
C00089136|23005|118|2|236
C00089136|23060|107|1|107
C00089136|23113|166|3|436
C00089136|23226|208|7|1235
C00089136|23103|208|5|778
C00089136|23238|208|8|1993
C00089136|98077|272|2|544
C00089136|23111|208|1|208
C00089136|23111|208|2|416
C00089136|98922|222|1|222
C00089136|23059|208|1|208
C00089136|23059|208|2|416
C00089136|99350|222|1|222
C00089136|23059|208|3|533
C00089136|22180|125|1|125
C00089136|23113|152|4|644
C00089136|23113|137|5|852
C00089136|23226|208|8|1443
C00089136|23226|208|9|1651
C00089136|94559|110|1|110
C00089136|23226|200|10|1767
C00089136|23233|104|2|208
C00089136|23238|208|9|2201
C00089136|23238|157|10|2409
C00089136|23113|173|6|982
C00089136|23059|163|4|741
C00089136|23059|117|5|949
C00089136|23238|106|11|2617
C00089136|23236|101|1|101
C00089136|23221|177|1|177
C00089136|76226|110|1|110
C00117838|60201|163|1|163
C00117838|60515|192|1|192
C00117838|60015|211|1|211
C00117838|60015|211|2|422
C00117838|60093|192|1|192
C00117838|60093|192|2|384
C00117838|60047|192|1|192
C00084871|76092|307|1|307
C00084871|75225|384|1|384
C00084871|75230|384|1|384
C00084871|20817|384|1|384
C00325811|76051|384|1|384
C00325811|75219|384|1|384
C00325811|20815|384|1|384
C00325811|76092|384|1|384
C00325811|75022|384|1|384
C00325811|76092|384|2|768
C00024968|48430|300|1|300
C00024968|99223|250|1|250
C00024968|22030|250|1|250
C00024968|85742|1000|1|1000
C00024968|29063|500|1|500
C00024968|50036|250|1|250
C00024968|91436|500|1|500
C00024968|40059|250|1|250
C00024968|59602|300|1|300
C00024968|02466|250|1|250
C00024968|99824|250|1|250
C00024968|07940|250|1|250
C00024968|55301|250|1|250
C00024968|38401|300|1|300
C00024968|37215|250|1|250
C00024968|14059|250|1|250
C00024968|21208|250|1|250
C00024968|75201|250|1|250
C00024968|99516|250|1|250
C00024968|87124|416|1|416
C00024968|97113|250|1|250
C00024968|03818|1000|1|1000
C00024968|66071|365|1|365
C00024968|79316|500|1|500
C00024968|22314|80|1|80
C00024968|94550|300|1|300
C00024968|78132|250|1|250
C00024968|04743|250|1|250
C00024968|40475|1833|1|1833
C00024968|24740|2000|1|2000
C00024968|33326|250|1|250
C00024968|40422|250|1|250
C00024968|75503|250|1|250
C00024968|26105|250|1|250
C00024968|38018|250|1|250
C00024968|41001|500|1|500
C00024968|35976|0|1|0
C00024968|72315|365|1|365
C00325811|76092|384|3|1152
C00325811|76262|230|1|230
C00325811|75230|384|1|384
C00024968|46385|2000|1|2000
C00024968|22003|500|1|500
C00024968|35801|365|1|365
C00024968|91604|2000|1|2000
C00024968|74074|2000|1|2000
C00024968|74074|2000|2|4000
C00024968|63146|500|1|500
C00024968|02021|300|1|300
C00024968|92886|250|1|250
C00024968|35079|500|1|500
C00024968|37363|500|1|500
C00024968|03431|250|1|250
C00024968|01985|1500|1|1500
C00024968|60647|250|1|250
C00024968|38002|250|1|250
C00024968|38002|250|2|500
C00024968|38103|500|1|500
C00024968|38018|625|2|1250
C00024968|81212|2000|1|2000
C00024968|80634|500|1|500
C00024968|35976|1000|2|2000
C00333534|77059|212|1|212
C00325332|20015|2000|1|2000
C00325332|20015|1500|2|3000
C00325332|74119|5000|1|5000
C00325332|74119|5000|2|10000
C00325332|85704|5000|1|5000
C00325332|74105|2000|1|2000
C00325332|74119|5000|3|13500
C00325332|28277|5000|1|5000
C00325332|77056|2500|1|2500
C00325332|28210|2000|1|2000
C00325332|22102|2000|1|2000
C00325332|20855|2000|1|2000
C00325332|60525|3000|1|3000
C00325332|74105|2000|2|4000
C00325332|02493|5000|1|5000
C00325332|74105|2000|3|7500
C00325332|92037|5000|1|5000
C00325332|44115|3000|1|3000
C00325332|21015|5000|1|5000
C00325332|74119|4250|4|15500
C00076299|60606|384|1|384
C00076299|20198|384|1|384
C00076299|60187|275|1|275
C00076299|07670|384|1|384
C00076299|60025|230|1|230
C00076299|60606|307|2|614
C00076299|60585|384|1|384
C00076299|60606|230|3|998
C00076299|60091|5000|1|5000
C00076299|60137|384|1|384
C00076299|60115|384|1|384
C00076299|60035|215|1|215
C00076299|60610|384|1|384
C00076299|60525|384|1|384
C00076299|60515|269|1|269
C00076299|60467|384|1|384
C00076299|60005|384|1|384
C00076299|60302|384|1|384
C00076299|60022|384|1|384
C00076299|60606|307|4|1267
C00076299|60606|384|5|1651
C00076299|60606|327|6|2035
